image: zoulang.pgm
resolution: 0.025000
origin: [-1.808309, -14.352059, 0.000000]
negate: 0
occupied_thresh: 0.65
free_thresh: 0.196

